{"suite": "suite4_heterogeneity", "config": "H2", "ground_truth_method": "reconstructed_from_suite_metadata", "reference_test_seed": 2, "reference_source_npz": "H2_r2.npz", "reference_chunk_idx": 18, "adjacency": 9.43140457999812, "kernel": {"type": "separable", "temporal_decay": 0.3, "spatial_sigma": 0.15, "tau_max": 5.0}, "background": {"type": "function", "name": "moving_hotspots", "start": [0.5, 0.5], "v": [0.0003, 0.0002], "sigma": 0.08, "a0": 2.0, "amp": 1.0}, "x_range": [0.0, 1.0], "y_range": [0.0, 1.0], "t_range": [0.01943359337747097, 113.6793441772461], "background_grid": [[[2.0, 2.0, 2.0, 2.0, 2.0, 2.0, 2.0, 2.0, 2.0, 2.0, 2.0, 2.0, 2.0, 2.0, 2.0, 2.0, 2.0, 2.0, 2.0, 2.0, 2.0, 2.0, 2.0, 2.0, 2.0, 2.0, 2.0, 2.0, 2.0, 2.0, 2.0, 2.0, 2.0, 2.0, 2.0, 2.0, 2.0, 2.0, 2.0, 2.0, 2.0, 2.0, 2.0, 2.0, 2.0, 2.0, 2.0, 2.0, 2.0, 2.0], [2.0, 2.0, 2.0, 2.0, 2.0, 2.0, 2.0, 2.0, 2.0, 2.0, 2.0, 2.0, 2.0, 2.0, 2.0, 2.0, 2.0, 2.0, 2.0, 2.0, 2.0, 2.0, 2.0, 2.0, 2.0, 2.0, 2.0, 2.0, 2.0, 2.0, 2.0, 2.0, 2.0, 2.0, 2.0, 2.0, 2.0, 2.0, 2.0, 2.0, 2.0, 2.0, 2.0, 2.0, 2.0, 2.0, 2.0, 2.0, 2.0, 2.0], [2.0, 2.0, 2.0, 2.0, 2.0, 2.0, 2.0, 2.0, 2.0, 2.0, 2.0, 2.0, 2.0, 2.0, 2.0, 2.0, 2.0, 2.0, 2.0, 2.0, 2.0, 2.0, 2.0, 2.0, 2.0, 2.0, 2.0, 2.0, 2.0, 2.0, 2.0, 2.0, 2.0, 2.0, 2.0, 2.0, 2.0, 2.0, 2.0, 2.0, 2.0, 2.0, 2.0, 2.0, 2.0, 2.0, 2.0, 2.0, 2.0, 2.0], [2.0, 2.0, 2.0, 2.0, 2.0, 2.0, 2.0, 2.0, 2.0, 2.0, 2.0, 2.0, 2.0, 2.0, 2.0, 2.0, 2.0, 2.0, 2.0, 2.0, 2.000000238418579, 2.000000238418579, 2.000000238418579, 2.000000238418579, 2.000000238418579, 2.000000238418579, 2.000000238418579, 2.000000238418579, 2.000000238418579, 2.000000238418579, 2.0, 2.0, 2.0, 2.0, 2.0, 2.0, 2.0, 2.0, 2.0, 2.0, 2.0, 2.0, 2.0, 2.0, 2.0, 2.0, 2.0, 2.0, 2.0, 2.0], [2.0, 2.0, 2.0, 2.0, 2.0, 2.0, 2.0, 2.0, 2.0, 2.0, 2.0, 2.0, 2.0, 2.0, 2.0, 2.0, 2.0, 2.000000238418579, 2.000000238418579, 2.000000476837158, 2.000000476837158, 2.0000007152557373, 2.0000009536743164, 2.0000009536743164, 2.0000011920928955, 2.0000011920928955, 2.0000009536743164, 2.0000009536743164, 2.0000007152557373, 2.000000476837158, 2.000000476837158, 2.000000238418579, 2.000000238418579, 2.0, 2.0, 2.0, 2.0, 2.0, 2.0, 2.0, 2.0, 2.0, 2.0, 2.0, 2.0, 2.0, 2.0, 2.0, 2.0, 2.0], [2.0, 2.0, 2.0, 2.0, 2.0, 2.0, 2.0, 2.0, 2.0, 2.0, 2.0, 2.0, 2.0, 2.0, 2.0, 2.000000238418579, 2.000000476837158, 2.0000007152557373, 2.0000009536743164, 2.0000016689300537, 2.000002145767212, 2.000002861022949, 2.0000033378601074, 2.0000038146972656, 2.000004291534424, 2.000004291534424, 2.0000038146972656, 2.0000033378601074, 2.000002861022949, 2.000002145767212, 2.0000016689300537, 2.0000009536743164, 2.0000007152557373, 2.000000476837158, 2.000000238418579, 2.0, 2.0, 2.0, 2.0, 2.0, 2.0, 2.0, 2.0, 2.0, 2.0, 2.0, 2.0, 2.0, 2.0, 2.0], [2.0, 2.0, 2.0, 2.0, 2.0, 2.0, 2.0, 2.0, 2.0, 2.0, 2.0, 2.0, 2.0, 2.000000238418579, 2.000000476837158, 2.0000007152557373, 2.0000014305114746, 2.000002384185791, 2.0000035762786865, 2.0000054836273193, 2.0000076293945312, 2.000009775161743, 2.000011920928955, 2.000013589859009, 2.000014543533325, 2.000014543533325, 2.000013589859009, 2.000011920928955, 2.000009775161743, 2.0000076293945312, 2.0000054836273193, 2.0000035762786865, 2.000002384185791, 2.0000014305114746, 2.0000007152557373, 2.000000476837158, 2.000000238418579, 2.0, 2.0, 2.0, 2.0, 2.0, 2.0, 2.0, 2.0, 2.0, 2.0, 2.0, 2.0, 2.0], [2.0, 2.0, 2.0, 2.0, 2.0, 2.0, 2.0, 2.0, 2.0, 2.0, 2.0, 2.000000238418579, 2.000000238418579, 2.0000007152557373, 2.0000011920928955, 2.000002384185791, 2.000004529953003, 2.0000076293945312, 2.000011920928955, 2.0000176429748535, 2.0000243186950684, 2.0000314712524414, 2.0000383853912354, 2.0000436305999756, 2.000046730041504, 2.000046730041504, 2.0000436305999756, 2.0000383853912354, 2.0000314712524414, 2.0000243186950684, 2.0000176429748535, 2.000011920928955, 2.0000076293945312, 2.000004529953003, 2.000002384185791, 2.0000011920928955, 2.0000007152557373, 2.000000238418579, 2.000000238418579, 2.0, 2.0, 2.0, 2.0, 2.0, 2.0, 2.0, 2.0, 2.0, 2.0, 2.0], [2.0, 2.0, 2.0, 2.0, 2.0, 2.0, 2.0, 2.0, 2.0, 2.0, 2.000000238418579, 2.000000476837158, 2.0000009536743164, 2.000001907348633, 2.0000038146972656, 2.0000076293945312, 2.000013589859009, 2.0000228881835938, 2.0000360012054443, 2.0000531673431396, 2.0000734329223633, 2.0000953674316406, 2.0001158714294434, 2.0001320838928223, 2.000140905380249, 2.000140905380249, 2.0001320838928223, 2.0001158714294434, 2.0000953674316406, 2.0000734329223633, 2.0000531673431396, 2.0000360012054443, 2.0000228881835938, 2.000013589859009, 2.0000076293945312, 2.0000038146972656, 2.000001907348633, 2.0000009536743164, 2.000000476837158, 2.000000238418579, 2.0, 2.0, 2.0, 2.0, 2.0, 2.0, 2.0, 2.0, 2.0, 2.0], [2.0, 2.0, 2.0, 2.0, 2.0, 2.0, 2.0, 2.0, 2.0, 2.000000238418579, 2.000000476837158, 2.0000009536743164, 2.000002384185791, 2.0000054836273193, 2.0000112056732178, 2.000021457672119, 2.0000383853912354, 2.0000646114349365, 2.0001018047332764, 2.000150442123413, 2.0002083778381348, 2.000270128250122, 2.000328540802002, 2.0003740787506104, 2.000399351119995, 2.000399351119995, 2.0003740787506104, 2.000328540802002, 2.000270128250122, 2.0002083778381348, 2.000150442123413, 2.0001018047332764, 2.0000646114349365, 2.0000383853912354, 2.000021457672119, 2.0000112056732178, 2.0000054836273193, 2.000002384185791, 2.0000009536743164, 2.000000476837158, 2.000000238418579, 2.0, 2.0, 2.0, 2.0, 2.0, 2.0, 2.0, 2.0, 2.0], [2.0, 2.0, 2.0, 2.0, 2.0, 2.0, 2.0, 2.0, 2.000000238418579, 2.000000476837158, 2.0000011920928955, 2.000002861022949, 2.000006675720215, 2.000014543533325, 2.0000295639038086, 2.000056743621826, 2.0001018047332764, 2.000171422958374, 2.000270128250122, 2.000399351119995, 2.0005528926849365, 2.0007171630859375, 2.0008718967437744, 2.000993013381958, 2.0010597705841064, 2.0010597705841064, 2.000993013381958, 2.0008718967437744, 2.0007171630859375, 2.0005528926849365, 2.000399351119995, 2.000270366668701, 2.000171422958374, 2.0001018047332764, 2.000056743621826, 2.0000295639038086, 2.000014543533325, 2.000006675720215, 2.000002861022949, 2.0000011920928955, 2.000000476837158, 2.000000238418579, 2.0, 2.0, 2.0, 2.0, 2.0, 2.0, 2.0, 2.0], [2.0, 2.0, 2.0, 2.0, 2.0, 2.0, 2.0, 2.000000238418579, 2.000000476837158, 2.0000009536743164, 2.000002861022949, 2.000007152557373, 2.000016450881958, 2.0000360012054443, 2.0000734329223633, 2.000140905380249, 2.000253200531006, 2.0004260540008545, 2.0006721019744873, 2.000993013381958, 2.0013749599456787, 2.001783847808838, 2.0021684169769287, 2.002469778060913, 2.002635955810547, 2.002635955810547, 2.002469778060913, 2.0021684169769287, 2.001783847808838, 2.0013749599456787, 2.000993251800537, 2.0006721019744873, 2.0004262924194336, 2.000253200531006, 2.000140905380249, 2.0000734329223633, 2.0000360012054443, 2.000016450881958, 2.000007152557373, 2.000002861022949, 2.0000009536743164, 2.000000476837158, 2.000000238418579, 2.0, 2.0, 2.0, 2.0, 2.0, 2.0, 2.0], [2.0, 2.0, 2.0, 2.0, 2.0, 2.0, 2.0, 2.000000238418579, 2.0000009536743164, 2.000002384185791, 2.000006675720215, 2.000016450881958, 2.0000383853912354, 2.0000836849212646, 2.000171422958374, 2.000328540802002, 2.0005900859832764, 2.000993013381958, 2.001565933227539, 2.0023140907287598, 2.003204107284546, 2.0041568279266357, 2.0050530433654785, 2.0057554244995117, 2.0061426162719727, 2.0061426162719727, 2.005755662918091, 2.0050532817840576, 2.004157066345215, 2.003204345703125, 2.002314329147339, 2.001566171646118, 2.000993251800537, 2.0005900859832764, 2.000328540802002, 2.000171422958374, 2.0000836849212646, 2.0000383853912354, 2.000016450881958, 2.000006675720215, 2.000002384185791, 2.0000009536743164, 2.000000238418579, 2.0, 2.0, 2.0, 2.0, 2.0, 2.0, 2.0], [2.0, 2.0, 2.0, 2.0, 2.0, 2.0, 2.000000238418579, 2.0000007152557373, 2.000001907348633, 2.0000054836273193, 2.000014543533325, 2.0000360012054443, 2.0000836849212646, 2.000182867050171, 2.0003740787506104, 2.0007171630859375, 2.0012881755828857, 2.0021681785583496, 2.0034193992614746, 2.0050528049468994, 2.0069961547851562, 2.0090763568878174, 2.011033296585083, 2.0125672817230225, 2.0134124755859375, 2.0134124755859375, 2.0125677585601807, 2.0110340118408203, 2.009077310562134, 2.0069968700408936, 2.0050535202026367, 2.003420114517212, 2.002168655395508, 2.001288652420044, 2.0007174015045166, 2.0003743171691895, 2.000182867050171, 2.0000836849212646, 2.0000360012054443, 2.000014543533325, 2.0000054836273193, 2.000001907348633, 2.0000007152557373, 2.000000238418579, 2.0, 2.0, 2.0, 2.0, 2.0, 2.0], [2.0, 2.0, 2.0, 2.0, 2.0, 2.0, 2.000000476837158, 2.0000011920928955, 2.0000038146972656, 2.0000112056732178, 2.0000295639038086, 2.0000734329223633, 2.000171422958374, 2.0003740787506104, 2.000765323638916, 2.00146746635437, 2.0026357173919678, 2.0044362545013428, 2.0069961547851562, 2.010338068008423, 2.0143139362335205, 2.0185699462890625, 2.022573709487915, 2.025712013244629, 2.0274412631988525, 2.0274415016174316, 2.0257129669189453, 2.0225751399993896, 2.018571615219116, 2.014315366744995, 2.0103394985198975, 2.0069973468780518, 2.00443696975708, 2.002636432647705, 2.001467704772949, 2.000765562057495, 2.0003743171691895, 2.000171422958374, 2.0000734329223633, 2.0000295639038086, 2.0000112056732178, 2.0000038146972656, 2.0000011920928955, 2.000000476837158, 2.0, 2.0, 2.0, 2.0, 2.0, 2.0], [2.0, 2.0, 2.0, 2.0, 2.0, 2.000000238418579, 2.0000007152557373, 2.000002384185791, 2.0000076293945312, 2.000021457672119, 2.000056743621826, 2.000140905380249, 2.000328540802002, 2.0007171630859375, 2.00146746635437, 2.0028131008148193, 2.0050528049468994, 2.0085043907165527, 2.0134119987487793, 2.0198185443878174, 2.027440309524536, 2.035599708557129, 2.0432751178741455, 2.0492911338806152, 2.0526063442230225, 2.0526070594787598, 2.049293041229248, 2.0432779788970947, 2.0356028079986572, 2.0274434089660645, 2.0198211669921875, 2.013414144515991, 2.0085060596466064, 2.005053997039795, 2.0028135776519775, 2.001467704772949, 2.0007174015045166, 2.000328540802002, 2.000140905380249, 2.000056743621826, 2.000021457672119, 2.0000076293945312, 2.000002384185791, 2.0000007152557373, 2.000000238418579, 2.0, 2.0, 2.0, 2.0, 2.0], [2.0, 2.0, 2.0, 2.0, 2.0, 2.000000476837158, 2.0000014305114746, 2.000004529953003, 2.000013589859009, 2.0000383853912354, 2.0001018047332764, 2.000253200531006, 2.0005900859832764, 2.001288414001465, 2.0026357173919678, 2.0050530433654785, 2.0090763568878174, 2.0152764320373535, 2.0240914821624756, 2.03559947013855, 2.049290418624878, 2.063946485519409, 2.0777339935302734, 2.0885403156280518, 2.0944950580596924, 2.094496250152588, 2.088543653488159, 2.0777387619018555, 2.0639519691467285, 2.049295663833618, 2.035604238510132, 2.024095296859741, 2.0152790546417236, 2.00907826423645, 2.005053997039795, 2.002636432647705, 2.001288652420044, 2.0005900859832764, 2.000253200531006, 2.0001018047332764, 2.0000383853912354, 2.000013589859009, 2.000004529953003, 2.0000014305114746, 2.000000476837158, 2.0, 2.0, 2.0, 2.0, 2.0], [2.0, 2.0, 2.0, 2.0, 2.000000238418579, 2.0000007152557373, 2.000002384185791, 2.0000076293945312, 2.0000228881835938, 2.0000646114349365, 2.000171422958374, 2.0004260540008545, 2.000993013381958, 2.0021684169769287, 2.0044362545013428, 2.008504629135132, 2.0152764320373535, 2.0257115364074707, 2.040548086166382, 2.0599172115325928, 2.082960367202759, 2.107628345489502, 2.130833625793457, 2.149021863937378, 2.1590442657470703, 2.1590464115142822, 2.1490275859832764, 2.1308417320251465, 2.107637643814087, 2.0829696655273438, 2.0599255561828613, 2.0405547618865967, 2.0257163047790527, 2.015279531478882, 2.0085065364837646, 2.0044374465942383, 2.002168893814087, 2.000993251800537, 2.0004262924194336, 2.000171422958374, 2.0000646114349365, 2.0000228881835938, 2.0000076293945312, 2.000002384185791, 2.0000007152557373, 2.000000238418579, 2.0, 2.0, 2.0, 2.0], [2.0, 2.0, 2.0, 2.0, 2.000000238418579, 2.0000009536743164, 2.0000035762786865, 2.000011920928955, 2.0000360012054443, 2.0001018047332764, 2.000270128250122, 2.0006721019744873, 2.001566171646118, 2.0034196376800537, 2.0069963932037354, 2.0134122371673584, 2.0240917205810547, 2.040548324584961, 2.0639467239379883, 2.0944926738739014, 2.1308329105377197, 2.1697354316711426, 2.206331729888916, 2.235015392303467, 2.250821352005005, 2.250824451446533, 2.2350242137908936, 2.2063443660736084, 2.169750213623047, 2.130847454071045, 2.094505548477173, 2.0639569759368896, 2.040555953979492, 2.024096727371216, 2.0134153366088867, 2.006998062133789, 2.00342059135437, 2.0015666484832764, 2.0006723403930664, 2.000270366668701, 2.0001018047332764, 2.0000360012054443, 2.000011920928955, 2.0000035762786865, 2.0000009536743164, 2.000000238418579, 2.0, 2.0, 2.0, 2.0], [2.0, 2.0, 2.0, 2.0, 2.000000476837158, 2.0000016689300537, 2.0000054836273193, 2.0000176429748535, 2.0000531673431396, 2.000150442123413, 2.000399351119995, 2.000993013381958, 2.0023140907287598, 2.0050530433654785, 2.010338306427002, 2.0198190212249756, 2.035600185394287, 2.05991792678833, 2.0944933891296387, 2.1396310329437256, 2.1933305263519287, 2.250816583633423, 2.30489444732666, 2.347280263900757, 2.370636463165283, 2.370640993118286, 2.3472931385040283, 2.304913282394409, 2.250838279724121, 2.193351984024048, 2.1396501064300537, 2.094508409500122, 2.059929132461548, 2.0356075763702393, 2.0198235511779785, 2.010340929031372, 2.005054473876953, 2.002314805984497, 2.000993490219116, 2.000399351119995, 2.000150442123413, 2.0000531673431396, 2.0000176429748535, 2.0000054836273193, 2.0000016689300537, 2.000000476837158, 2.0, 2.0, 2.0, 2.0], [2.0, 2.0, 2.0, 2.000000238418579, 2.000000476837158, 2.000002145767212, 2.0000076293945312, 2.0000243186950684, 2.0000734329223633, 2.0002083778381348, 2.0005528926849365, 2.0013749599456787, 2.003204107284546, 2.0069963932037354, 2.0143144130706787, 2.0274412631988525, 2.0492916107177734, 2.0829620361328125, 2.1308345794677734, 2.193331718444824, 2.267683744430542, 2.347278118133545, 2.422153949737549, 2.4808409214019775, 2.5131795406341553, 2.513185739517212, 2.480858564376831, 2.422179937362671, 2.3473081588745117, 2.2677133083343506, 2.1933581829071045, 2.1308555603027344, 2.082977294921875, 2.049301862716675, 2.0274477005004883, 2.0143179893493652, 2.0069985389709473, 2.0032052993774414, 2.001375436782837, 2.0005531311035156, 2.0002083778381348, 2.0000736713409424, 2.0000243186950684, 2.0000076293945312, 2.000002145767212, 2.000000476837158, 2.000000238418579, 2.0, 2.0, 2.0], [2.0, 2.0, 2.0, 2.000000238418579, 2.0000007152557373, 2.000002861022949, 2.000009775161743, 2.0000314712524414, 2.0000953674316406, 2.000270128250122, 2.0007171630859375, 2.001783847808838, 2.004157066345215, 2.0090768337249756, 2.018570899963379, 2.0356011390686035, 2.063948631286621, 2.107630968093872, 2.16973876953125, 2.250819683074951, 2.347280502319336, 2.450542688369751, 2.547682762145996, 2.6238207817077637, 2.6657752990722656, 2.665783643722534, 2.6238439083099365, 2.5477168560028076, 2.4505815505981445, 2.3473188877105713, 2.2508537769317627, 2.1697659492492676, 2.1076509952545166, 2.063961982727051, 2.035609245300293, 2.018575668334961, 2.0090794563293457, 2.0041582584381104, 2.001784563064575, 2.0007176399230957, 2.000270366668701, 2.0000953674316406, 2.0000314712524414, 2.000009775161743, 2.000002861022949, 2.0000007152557373, 2.000000238418579, 2.0, 2.0, 2.0], [2.0, 2.0, 2.0, 2.000000238418579, 2.0000009536743164, 2.0000033378601074, 2.000011920928955, 2.0000383853912354, 2.0001158714294434, 2.000328540802002, 2.0008718967437744, 2.0021684169769287, 2.0050532817840576, 2.0110340118408203, 2.0225749015808105, 2.0432770252227783, 2.0777368545532227, 2.130837917327881, 2.206336736679077, 2.3049001693725586, 2.422159194946289, 2.5476863384246826, 2.665771245956421, 2.7583255767822266, 2.809326171875, 2.8093361854553223, 2.7583537101745605, 2.6658124923706055, 2.5477335453033447, 2.422205924987793, 2.3049416542053223, 2.2063698768615723, 2.13086199760437, 2.0777533054351807, 2.0432872772216797, 2.022580862045288, 2.0110371112823486, 2.0050549507141113, 2.002169132232666, 2.0008721351623535, 2.000328540802002, 2.0001161098480225, 2.0000383853912354, 2.000011920928955, 2.0000033378601074, 2.0000009536743164, 2.000000238418579, 2.0, 2.0, 2.0], [2.0, 2.0, 2.0, 2.000000238418579, 2.0000009536743164, 2.0000038146972656, 2.000013589859009, 2.0000436305999756, 2.0001320838928223, 2.0003740787506104, 2.000993251800537, 2.002470016479492, 2.00575590133667, 2.0125679969787598, 2.0257134437561035, 2.0492937564849854, 2.0885441303253174, 2.1490275859832764, 2.235022783279419, 2.3472890853881836, 2.4808499813079834, 2.623828649520874, 2.7583303451538086, 2.8637518882751465, 2.9218430519104004, 2.9218544960021973, 2.863783836364746, 2.7583773136138916, 2.623882293701172, 2.480903148651123, 2.3473360538482666, 2.235060691833496, 2.149055242538452, 2.0885629653930664, 2.0493052005767822, 2.0257201194763184, 2.0125715732574463, 2.0057575702667236, 2.0024707317352295, 2.000993490219116, 2.0003743171691895, 2.0001320838928223, 2.0000436305999756, 2.000013589859009, 2.0000040531158447, 2.0000009536743164, 2.000000238418579, 2.0, 2.0, 2.0], [2.0, 2.0, 2.0, 2.000000238418579, 2.0000011920928955, 2.000004291534424, 2.000014543533325, 2.000046730041504, 2.000140905380249, 2.000399351119995, 2.0010600090026855, 2.002636194229126, 2.006143093109131, 2.013413429260254, 2.0274429321289062, 2.0526092052459717, 2.0944998264312744, 2.1590514183044434, 2.25083065032959, 2.37064790725708, 2.5131924152374268, 2.665787935256958, 2.8093364238739014, 2.921848773956299, 2.983847141265869, 2.9838593006134033, 2.9218828678131104, 2.8093864917755127, 2.6658453941345215, 2.513249397277832, 2.3706984519958496, 2.250870943069458, 2.159080743789673, 2.09451961517334, 2.052621603012085, 2.0274500846862793, 2.0134172439575195, 2.0061450004577637, 2.0026369094848633, 2.0010602474212646, 2.000399589538574, 2.000141143798828, 2.000046730041504, 2.000014543533325, 2.000004291534424, 2.0000011920928955, 2.000000238418579, 2.0, 2.0, 2.0], [2.0, 2.0, 2.0, 2.000000238418579, 2.0000011920928955, 2.000004291534424, 2.000014543533325, 2.000046730041504, 2.000140905380249, 2.000399351119995, 2.0010600090026855, 2.002636194229126, 2.006143093109131, 2.013413667678833, 2.0274434089660645, 2.052610158920288, 2.094501495361328, 2.1590542793273926, 2.250835418701172, 2.370654821395874, 2.513201951980591, 2.6658003330230713, 2.8093514442443848, 2.921865940093994, 2.98386549949646, 2.983877658843994, 2.9219000339508057, 2.809401512145996, 2.6658577919006348, 2.513258934020996, 2.3707053661346436, 2.25087571144104, 2.159083843231201, 2.0945215225219727, 2.0526225566864014, 2.0274505615234375, 2.0134174823760986, 2.0061450004577637, 2.0026369094848633, 2.0010602474212646, 2.000399589538574, 2.000141143798828, 2.000046730041504, 2.000014543533325, 2.000004291534424, 2.0000011920928955, 2.000000238418579, 2.0, 2.0, 2.0], [2.0, 2.0, 2.0, 2.000000238418579, 2.0000009536743164, 2.0000038146972656, 2.000013589859009, 2.0000436305999756, 2.0001320838928223, 2.0003740787506104, 2.000993251800537, 2.002470016479492, 2.005756139755249, 2.012568712234497, 2.025714874267578, 2.0492963790893555, 2.0885491371154785, 2.149035930633545, 2.2350358963012695, 2.347308397293091, 2.4808766841888428, 2.623863458633423, 2.7583727836608887, 2.863800048828125, 2.9218945503234863, 2.921905994415283, 2.8638322353363037, 2.7584195137023926, 2.6239171028137207, 2.4809300899505615, 2.347355604171753, 2.2350738048553467, 2.1490635871887207, 2.0885677337646484, 2.0493080615997314, 2.025721549987793, 2.0125722885131836, 2.005758047103882, 2.0024709701538086, 2.000993490219116, 2.0003743171691895, 2.0001320838928223, 2.0000436305999756, 2.000013589859009, 2.0000040531158447, 2.0000009536743164, 2.000000238418579, 2.0, 2.0, 2.0], [2.0, 2.0, 2.0, 2.000000238418579, 2.0000009536743164, 2.0000033378601074, 2.000011920928955, 2.0000383853912354, 2.0001158714294434, 2.000328540802002, 2.0008718967437744, 2.002168655395508, 2.005053758621216, 2.0110349655151367, 2.0225770473480225, 2.043281078338623, 2.0777440071105957, 2.130850076675415, 2.2063560485839844, 2.3049285411834717, 2.422198534011841, 2.5477375984191895, 2.6658334732055664, 2.7583963871002197, 2.809401750564575, 2.8094117641448975, 2.7584242820739746, 2.665874719619751, 2.5477845668792725, 2.4222452640533447, 2.3049700260162354, 2.2063891887664795, 2.1308743953704834, 2.0777604579925537, 2.0432913303375244, 2.0225830078125, 2.011038064956665, 2.0050554275512695, 2.002169370651245, 2.0008723735809326, 2.000328540802002, 2.0001161098480225, 2.0000383853912354, 2.000011920928955, 2.0000033378601074, 2.0000009536743164, 2.000000238418579, 2.0, 2.0, 2.0], [2.0, 2.0, 2.0, 2.000000238418579, 2.0000007152557373, 2.000002861022949, 2.000009775161743, 2.0000314712524414, 2.0000953674316406, 2.000270366668701, 2.0007174015045166, 2.001784086227417, 2.004157543182373, 2.009078025817871, 2.01857328414917, 2.0356056690216064, 2.0639569759368896, 2.107645034790039, 2.1697607040405273, 2.250852346420288, 2.347325563430786, 2.45060133934021, 2.5477540493011475, 2.623901844024658, 2.6658620834350586, 2.665870189666748, 2.623924970626831, 2.547788143157959, 2.4506402015686035, 2.3473641872406006, 2.2508864402770996, 2.169788122177124, 2.1076650619506836, 2.0639703273773193, 2.035614013671875, 2.018578052520752, 2.009080648422241, 2.0041587352752686, 2.0017848014831543, 2.0007176399230957, 2.000270366668701, 2.0000953674316406, 2.0000314712524414, 2.000009775161743, 2.000002861022949, 2.0000007152557373, 2.000000238418579, 2.0, 2.0, 2.0], [2.0, 2.0, 2.0, 2.000000238418579, 2.000000476837158, 2.000002145767212, 2.0000076293945312, 2.0000243186950684, 2.0000734329223633, 2.0002083778381348, 2.0005528926849365, 2.001375198364258, 2.003204822540283, 2.006997585296631, 2.0143167972564697, 2.0274457931518555, 2.049299716949463, 2.0829758644104004, 2.130856513977051, 2.193364143371582, 2.267728328704834, 2.3473362922668457, 2.422224521636963, 2.4809212684631348, 2.513265371322632, 2.5132718086242676, 2.4809391498565674, 2.422250509262085, 2.3473663330078125, 2.2677581310272217, 2.193390369415283, 2.1308774948120117, 2.082991123199463, 2.0493102073669434, 2.027452230453491, 2.0143203735351562, 2.0069997310638428, 2.0032057762145996, 2.001375675201416, 2.0005531311035156, 2.0002083778381348, 2.0000736713409424, 2.0000243186950684, 2.0000076293945312, 2.000002145767212, 2.0000007152557373, 2.000000238418579, 2.0, 2.0, 2.0], [2.0, 2.0, 2.0, 2.0, 2.000000476837158, 2.0000016689300537, 2.0000054836273193, 2.0000176429748535, 2.0000531673431396, 2.000150442123413, 2.000399351119995, 2.000993251800537, 2.002314567565918, 2.005054235458374, 2.010340452194214, 2.0198230743408203, 2.03560733795166, 2.0599303245544434, 2.094512701034546, 2.1396596431732178, 2.1933701038360596, 2.250868082046509, 2.3049569129943848, 2.347351551055908, 2.3707122802734375, 2.3707168102264404, 2.3473644256591797, 2.304975748062134, 2.250889778137207, 2.1933915615081787, 2.139678716659546, 2.0945279598236084, 2.059941530227661, 2.0356149673461914, 2.0198278427124023, 2.010343074798584, 2.0050556659698486, 2.0023152828216553, 2.000993490219116, 2.000399589538574, 2.000150442123413, 2.0000531673431396, 2.0000176429748535, 2.0000054836273193, 2.0000016689300537, 2.000000476837158, 2.0, 2.0, 2.0, 2.0], [2.0, 2.0, 2.0, 2.0, 2.000000238418579, 2.0000009536743164, 2.0000035762786865, 2.000011920928955, 2.0000360012054443, 2.0001018047332764, 2.000270366668701, 2.0006721019744873, 2.0015664100646973, 2.003420352935791, 2.006998062133789, 2.0134153366088867, 2.024097442626953, 2.040558338165283, 2.063961982727051, 2.094515562057495, 2.1308646202087402, 2.169776678085327, 2.2063815593719482, 2.235072374343872, 2.250882148742676, 2.250885248184204, 2.235081195831299, 2.2063944339752197, 2.1697912216186523, 2.1308791637420654, 2.0945284366607666, 2.0639724731445312, 2.0405657291412354, 2.0241026878356934, 2.013418436050415, 2.0069997310638428, 2.0034213066101074, 2.0015668869018555, 2.0006723403930664, 2.000270366668701, 2.0001018047332764, 2.0000360012054443, 2.000011920928955, 2.0000035762786865, 2.0000009536743164, 2.000000238418579, 2.0, 2.0, 2.0, 2.0], [2.0, 2.0, 2.0, 2.0, 2.000000238418579, 2.0000007152557373, 2.000002384185791, 2.0000076293945312, 2.0000228881835938, 2.0000646114349365, 2.000171422958374, 2.0004262924194336, 2.000993251800537, 2.002168893814087, 2.0044374465942383, 2.008507013320923, 2.0152807235717773, 2.0257186889648438, 2.0405595302581787, 2.059934139251709, 2.0829834938049316, 2.1076583862304688, 2.1308703422546387, 2.1490635871887207, 2.1590888500213623, 2.159090757369995, 2.14906907081604, 2.130878448486328, 2.1076676845550537, 2.0829927921295166, 2.0599422454833984, 2.0405659675598145, 2.025723457336426, 2.0152838230133057, 2.0085089206695557, 2.004438638687134, 2.002169609069824, 2.0009937286376953, 2.0004262924194336, 2.000171422958374, 2.0000646114349365, 2.0000228881835938, 2.0000076293945312, 2.000002384185791, 2.0000007152557373, 2.000000238418579, 2.0, 2.0, 2.0, 2.0], [2.0, 2.0, 2.0, 2.0, 2.0, 2.000000476837158, 2.0000014305114746, 2.000004529953003, 2.000013589859009, 2.0000383853912354, 2.0001018047332764, 2.000253200531006, 2.0005900859832764, 2.001288652420044, 2.002636671066284, 2.005054473876953, 2.0090792179107666, 2.0152812004089355, 2.024099111557007, 2.0356106758117676, 2.0493059158325195, 2.063966989517212, 2.077758550643921, 2.0885684490203857, 2.094525098800659, 2.0945262908935547, 2.088571786880493, 2.077763319015503, 2.0639724731445312, 2.049311399459839, 2.0356156826019287, 2.0241029262542725, 2.0152840614318848, 2.0090811252593994, 2.0050556659698486, 2.0026373863220215, 2.001289129257202, 2.0005903244018555, 2.000253438949585, 2.0001018047332764, 2.0000383853912354, 2.000013589859009, 2.000004529953003, 2.0000014305114746, 2.000000476837158, 2.0, 2.0, 2.0, 2.0, 2.0], [2.0, 2.0, 2.0, 2.0, 2.0, 2.000000238418579, 2.0000007152557373, 2.000002384185791, 2.0000076293945312, 2.000021457672119, 2.000056743621826, 2.000140905380249, 2.000328540802002, 2.0007174015045166, 2.0014679431915283, 2.0028140544891357, 2.0050547122955322, 2.008507490158081, 2.0134167671203613, 2.0198254585266113, 2.0274500846862793, 2.0356123447418213, 2.043290376663208, 2.0493085384368896, 2.0526249408721924, 2.0526254177093506, 2.0493104457855225, 2.0432932376861572, 2.0356152057647705, 2.0274531841278076, 2.0198283195495605, 2.0134189128875732, 2.0085091590881348, 2.0050556659698486, 2.002814769744873, 2.0014681816101074, 2.0007176399230957, 2.000328779220581, 2.000141143798828, 2.000056743621826, 2.000021457672119, 2.0000076293945312, 2.000002384185791, 2.0000007152557373, 2.000000238418579, 2.0, 2.0, 2.0, 2.0, 2.0], [2.0, 2.0, 2.0, 2.0, 2.0, 2.0, 2.000000476837158, 2.0000011920928955, 2.0000038146972656, 2.0000112056732178, 2.0000295639038086, 2.0000736713409424, 2.000171422958374, 2.0003743171691895, 2.000765800476074, 2.0014679431915283, 2.0026369094848633, 2.0044379234313965, 2.0069987773895264, 2.0103421211242676, 2.01431941986084, 2.0185773372650146, 2.022582530975342, 2.025722026824951, 2.027451992034912, 2.027452230453491, 2.0257229804992676, 2.0225839614868164, 2.0185787677764893, 2.0143210887908936, 2.010343551635742, 2.006999969482422, 2.004438877105713, 2.0026373863220215, 2.0014681816101074, 2.0007660388946533, 2.0003743171691895, 2.000171422958374, 2.0000736713409424, 2.0000295639038086, 2.0000112056732178, 2.0000040531158447, 2.0000011920928955, 2.000000476837158, 2.0, 2.0, 2.0, 2.0, 2.0, 2.0], [2.0, 2.0, 2.0, 2.0, 2.0, 2.0, 2.000000238418579, 2.0000007152557373, 2.000001907348633, 2.0000054836273193, 2.000014543533325, 2.0000360012054443, 2.0000836849212646, 2.000182867050171, 2.0003743171691895, 2.0007174015045166, 2.001288890838623, 2.002169132232666, 2.003420829772949, 2.0050549507141113, 2.0069992542266846, 2.009080410003662, 2.011038064956665, 2.0125725269317627, 2.013418197631836, 2.013418436050415, 2.012573003768921, 2.0110387802124023, 2.0090811252593994, 2.006999969482422, 2.0050556659698486, 2.0034215450286865, 2.002169609069824, 2.001289129257202, 2.0007176399230957, 2.0003743171691895, 2.00018310546875, 2.0000839233398438, 2.0000360012054443, 2.000014543533325, 2.0000054836273193, 2.000001907348633, 2.0000007152557373, 2.000000238418579, 2.0, 2.0, 2.0, 2.0, 2.0, 2.0], [2.0, 2.0, 2.0, 2.0, 2.0, 2.0, 2.0, 2.000000238418579, 2.0000009536743164, 2.000002384185791, 2.000006675720215, 2.000016450881958, 2.0000383853912354, 2.0000836849212646, 2.000171422958374, 2.000328540802002, 2.0005903244018555, 2.000993490219116, 2.0015666484832764, 2.0023152828216553, 2.0032055377960205, 2.0041587352752686, 2.0050554275512695, 2.005758047103882, 2.006145477294922, 2.006145477294922, 2.005758285522461, 2.0050556659698486, 2.0041589736938477, 2.0032060146331787, 2.0023155212402344, 2.0015671253204346, 2.0009937286376953, 2.0005903244018555, 2.000328779220581, 2.000171422958374, 2.0000839233398438, 2.0000383853912354, 2.000016450881958, 2.000006675720215, 2.000002384185791, 2.0000009536743164, 2.000000238418579, 2.0, 2.0, 2.0, 2.0, 2.0, 2.0, 2.0], [2.0, 2.0, 2.0, 2.0, 2.0, 2.0, 2.0, 2.000000238418579, 2.000000476837158, 2.0000009536743164, 2.000002861022949, 2.000007152557373, 2.000016450881958, 2.0000360012054443, 2.0000736713409424, 2.000140905380249, 2.000253200531006, 2.0004262924194336, 2.0006723403930664, 2.000993490219116, 2.001375675201416, 2.001784563064575, 2.002169370651245, 2.0024709701538086, 2.0026371479034424, 2.0026371479034424, 2.0024712085723877, 2.002169609069824, 2.0017848014831543, 2.001375675201416, 2.0009937286376953, 2.0006725788116455, 2.0004265308380127, 2.000253438949585, 2.000141143798828, 2.0000736713409424, 2.0000360012054443, 2.000016450881958, 2.000007152557373, 2.000002861022949, 2.0000009536743164, 2.000000476837158, 2.000000238418579, 2.0, 2.0, 2.0, 2.0, 2.0, 2.0, 2.0], [2.0, 2.0, 2.0, 2.0, 2.0, 2.0, 2.0, 2.0, 2.000000238418579, 2.000000476837158, 2.0000011920928955, 2.000002861022949, 2.000006675720215, 2.000014543533325, 2.0000295639038086, 2.000056743621826, 2.0001018047332764, 2.000171422958374, 2.000270366668701, 2.000399589538574, 2.0005531311035156, 2.0007176399230957, 2.0008723735809326, 2.000993490219116, 2.0010604858398438, 2.0010604858398438, 2.0009937286376953, 2.0008723735809326, 2.0007176399230957, 2.0005531311035156, 2.000399589538574, 2.000270366668701, 2.000171422958374, 2.0001018047332764, 2.000056743621826, 2.0000295639038086, 2.000014543533325, 2.000006675720215, 2.000002861022949, 2.0000011920928955, 2.000000476837158, 2.000000238418579, 2.0, 2.0, 2.0, 2.0, 2.0, 2.0, 2.0, 2.0], [2.0, 2.0, 2.0, 2.0, 2.0, 2.0, 2.0, 2.0, 2.0, 2.000000238418579, 2.000000476837158, 2.0000009536743164, 2.000002384185791, 2.0000054836273193, 2.0000112056732178, 2.000021457672119, 2.0000383853912354, 2.0000646114349365, 2.0001018047332764, 2.000150442123413, 2.0002083778381348, 2.000270366668701, 2.000328540802002, 2.0003743171691895, 2.000399589538574, 2.000399589538574, 2.0003743171691895, 2.000328779220581, 2.000270366668701, 2.0002083778381348, 2.000150442123413, 2.0001018047332764, 2.0000646114349365, 2.0000383853912354, 2.000021457672119, 2.0000112056732178, 2.0000054836273193, 2.000002384185791, 2.0000009536743164, 2.000000476837158, 2.000000238418579, 2.0, 2.0, 2.0, 2.0, 2.0, 2.0, 2.0, 2.0, 2.0], [2.0, 2.0, 2.0, 2.0, 2.0, 2.0, 2.0, 2.0, 2.0, 2.0, 2.000000238418579, 2.000000476837158, 2.0000009536743164, 2.000001907348633, 2.0000040531158447, 2.0000076293945312, 2.000013589859009, 2.0000228881835938, 2.0000360012054443, 2.0000531673431396, 2.0000736713409424, 2.0000953674316406, 2.0001161098480225, 2.0001320838928223, 2.000141143798828, 2.000141143798828, 2.0001320838928223, 2.0001161098480225, 2.0000953674316406, 2.0000736713409424, 2.0000531673431396, 2.0000360012054443, 2.0000228881835938, 2.000013589859009, 2.0000076293945312, 2.0000040531158447, 2.000001907348633, 2.0000009536743164, 2.000000476837158, 2.000000238418579, 2.0, 2.0, 2.0, 2.0, 2.0, 2.0, 2.0, 2.0, 2.0, 2.0], [2.0, 2.0, 2.0, 2.0, 2.0, 2.0, 2.0, 2.0, 2.0, 2.0, 2.0, 2.000000238418579, 2.000000238418579, 2.0000007152557373, 2.0000011920928955, 2.000002384185791, 2.000004529953003, 2.0000076293945312, 2.000011920928955, 2.0000176429748535, 2.0000243186950684, 2.0000314712524414, 2.0000383853912354, 2.0000436305999756, 2.000046730041504, 2.000046730041504, 2.0000436305999756, 2.0000383853912354, 2.0000314712524414, 2.0000243186950684, 2.0000176429748535, 2.000011920928955, 2.0000076293945312, 2.000004529953003, 2.000002384185791, 2.0000011920928955, 2.0000007152557373, 2.000000238418579, 2.000000238418579, 2.0, 2.0, 2.0, 2.0, 2.0, 2.0, 2.0, 2.0, 2.0, 2.0, 2.0], [2.0, 2.0, 2.0, 2.0, 2.0, 2.0, 2.0, 2.0, 2.0, 2.0, 2.0, 2.0, 2.0, 2.000000238418579, 2.000000476837158, 2.0000007152557373, 2.0000014305114746, 2.000002384185791, 2.0000035762786865, 2.0000054836273193, 2.0000076293945312, 2.000009775161743, 2.000011920928955, 2.000013589859009, 2.000014543533325, 2.000014543533325, 2.000013589859009, 2.000011920928955, 2.000009775161743, 2.0000076293945312, 2.0000054836273193, 2.0000035762786865, 2.000002384185791, 2.0000014305114746, 2.0000007152557373, 2.000000476837158, 2.000000238418579, 2.0, 2.0, 2.0, 2.0, 2.0, 2.0, 2.0, 2.0, 2.0, 2.0, 2.0, 2.0, 2.0], [2.0, 2.0, 2.0, 2.0, 2.0, 2.0, 2.0, 2.0, 2.0, 2.0, 2.0, 2.0, 2.0, 2.0, 2.0, 2.000000238418579, 2.000000476837158, 2.0000007152557373, 2.0000009536743164, 2.0000016689300537, 2.000002145767212, 2.000002861022949, 2.0000033378601074, 2.0000040531158447, 2.000004291534424, 2.000004291534424, 2.0000040531158447, 2.0000033378601074, 2.000002861022949, 2.000002145767212, 2.0000016689300537, 2.0000009536743164, 2.0000007152557373, 2.000000476837158, 2.000000238418579, 2.0, 2.0, 2.0, 2.0, 2.0, 2.0, 2.0, 2.0, 2.0, 2.0, 2.0, 2.0, 2.0, 2.0, 2.0], [2.0, 2.0, 2.0, 2.0, 2.0, 2.0, 2.0, 2.0, 2.0, 2.0, 2.0, 2.0, 2.0, 2.0, 2.0, 2.0, 2.0, 2.000000238418579, 2.000000238418579, 2.000000476837158, 2.0000007152557373, 2.0000007152557373, 2.0000009536743164, 2.0000009536743164, 2.0000011920928955, 2.0000011920928955, 2.0000009536743164, 2.0000009536743164, 2.0000007152557373, 2.0000007152557373, 2.000000476837158, 2.000000238418579, 2.000000238418579, 2.0, 2.0, 2.0, 2.0, 2.0, 2.0, 2.0, 2.0, 2.0, 2.0, 2.0, 2.0, 2.0, 2.0, 2.0, 2.0, 2.0], [2.0, 2.0, 2.0, 2.0, 2.0, 2.0, 2.0, 2.0, 2.0, 2.0, 2.0, 2.0, 2.0, 2.0, 2.0, 2.0, 2.0, 2.0, 2.0, 2.0, 2.000000238418579, 2.000000238418579, 2.000000238418579, 2.000000238418579, 2.000000238418579, 2.000000238418579, 2.000000238418579, 2.000000238418579, 2.000000238418579, 2.000000238418579, 2.0, 2.0, 2.0, 2.0, 2.0, 2.0, 2.0, 2.0, 2.0, 2.0, 2.0, 2.0, 2.0, 2.0, 2.0, 2.0, 2.0, 2.0, 2.0, 2.0], [2.0, 2.0, 2.0, 2.0, 2.0, 2.0, 2.0, 2.0, 2.0, 2.0, 2.0, 2.0, 2.0, 2.0, 2.0, 2.0, 2.0, 2.0, 2.0, 2.0, 2.0, 2.0, 2.0, 2.0, 2.0, 2.0, 2.0, 2.0, 2.0, 2.0, 2.0, 2.0, 2.0, 2.0, 2.0, 2.0, 2.0, 2.0, 2.0, 2.0, 2.0, 2.0, 2.0, 2.0, 2.0, 2.0, 2.0, 2.0, 2.0, 2.0], [2.0, 2.0, 2.0, 2.0, 2.0, 2.0, 2.0, 2.0, 2.0, 2.0, 2.0, 2.0, 2.0, 2.0, 2.0, 2.0, 2.0, 2.0, 2.0, 2.0, 2.0, 2.0, 2.0, 2.0, 2.0, 2.0, 2.0, 2.0, 2.0, 2.0, 2.0, 2.0, 2.0, 2.0, 2.0, 2.0, 2.0, 2.0, 2.0, 2.0, 2.0, 2.0, 2.0, 2.0, 2.0, 2.0, 2.0, 2.0, 2.0, 2.0], [2.0, 2.0, 2.0, 2.0, 2.0, 2.0, 2.0, 2.0, 2.0, 2.0, 2.0, 2.0, 2.0, 2.0, 2.0, 2.0, 2.0, 2.0, 2.0, 2.0, 2.0, 2.0, 2.0, 2.0, 2.0, 2.0, 2.0, 2.0, 2.0, 2.0, 2.0, 2.0, 2.0, 2.0, 2.0, 2.0, 2.0, 2.0, 2.0, 2.0, 2.0, 2.0, 2.0, 2.0, 2.0, 2.0, 2.0, 2.0, 2.0, 2.0]], [[2.0, 2.0, 2.0, 2.0, 2.0, 2.0, 2.0, 2.0, 2.0, 2.0, 2.0, 2.0, 2.0, 2.0, 2.0, 2.0, 2.0, 2.0, 2.0, 2.0, 2.0, 2.0, 2.0, 2.0, 2.0, 2.0, 2.0, 2.0, 2.0, 2.0, 2.0, 2.0, 2.0, 2.0, 2.0, 2.0, 2.0, 2.0, 2.0, 2.0, 2.0, 2.0, 2.0, 2.0, 2.0, 2.0, 2.0, 2.0, 2.0, 2.0], [2.0, 2.0, 2.0, 2.0, 2.0, 2.0, 2.0, 2.0, 2.0, 2.0, 2.0, 2.0, 2.0, 2.0, 2.0, 2.0, 2.0, 2.0, 2.0, 2.0, 2.0, 2.0, 2.0, 2.0, 2.0, 2.0, 2.0, 2.0, 2.0, 2.0, 2.0, 2.0, 2.0, 2.0, 2.0, 2.0, 2.0, 2.0, 2.0, 2.0, 2.0, 2.0, 2.0, 2.0, 2.0, 2.0, 2.0, 2.0, 2.0, 2.0], [2.0, 2.0, 2.0, 2.0, 2.0, 2.0, 2.0, 2.0, 2.0, 2.0, 2.0, 2.0, 2.0, 2.0, 2.0, 2.0, 2.0, 2.0, 2.0, 2.0, 2.0, 2.0, 2.0, 2.0, 2.0, 2.0, 2.0, 2.0, 2.0, 2.0, 2.0, 2.0, 2.0, 2.0, 2.0, 2.0, 2.0, 2.0, 2.0, 2.0, 2.0, 2.0, 2.0, 2.0, 2.0, 2.0, 2.0, 2.0, 2.0, 2.0], [2.0, 2.0, 2.0, 2.0, 2.0, 2.0, 2.0, 2.0, 2.0, 2.0, 2.0, 2.0, 2.0, 2.0, 2.0, 2.0, 2.0, 2.0, 2.0, 2.0, 2.000000238418579, 2.000000238418579, 2.000000238418579, 2.000000238418579, 2.000000238418579, 2.000000238418579, 2.000000238418579, 2.000000238418579, 2.000000238418579, 2.000000238418579, 2.0, 2.0, 2.0, 2.0, 2.0, 2.0, 2.0, 2.0, 2.0, 2.0, 2.0, 2.0, 2.0, 2.0, 2.0, 2.0, 2.0, 2.0, 2.0, 2.0], [2.0, 2.0, 2.0, 2.0, 2.0, 2.0, 2.0, 2.0, 2.0, 2.0, 2.0, 2.0, 2.0, 2.0, 2.0, 2.0, 2.0, 2.000000238418579, 2.000000238418579, 2.000000476837158, 2.000000476837158, 2.0000007152557373, 2.0000009536743164, 2.0000009536743164, 2.0000011920928955, 2.0000011920928955, 2.0000009536743164, 2.0000009536743164, 2.0000007152557373, 2.000000476837158, 2.000000476837158, 2.000000238418579, 2.000000238418579, 2.0, 2.0, 2.0, 2.0, 2.0, 2.0, 2.0, 2.0, 2.0, 2.0, 2.0, 2.0, 2.0, 2.0, 2.0, 2.0, 2.0], [2.0, 2.0, 2.0, 2.0, 2.0, 2.0, 2.0, 2.0, 2.0, 2.0, 2.0, 2.0, 2.0, 2.0, 2.0, 2.000000238418579, 2.000000476837158, 2.0000007152557373, 2.0000009536743164, 2.0000014305114746, 2.000002145767212, 2.000002861022949, 2.0000033378601074, 2.0000038146972656, 2.0000040531158447, 2.0000040531158447, 2.0000038146972656, 2.0000033378601074, 2.000002861022949, 2.000002145767212, 2.0000016689300537, 2.0000009536743164, 2.0000007152557373, 2.000000476837158, 2.000000238418579, 2.0, 2.0, 2.0, 2.0, 2.0, 2.0, 2.0, 2.0, 2.0, 2.0, 2.0, 2.0, 2.0, 2.0, 2.0], [2.0, 2.0, 2.0, 2.0, 2.0, 2.0, 2.0, 2.0, 2.0, 2.0, 2.0, 2.0, 2.0, 2.000000238418579, 2.000000476837158, 2.0000007152557373, 2.0000014305114746, 2.000002384185791, 2.0000035762786865, 2.0000052452087402, 2.000007390975952, 2.000009536743164, 2.000011682510376, 2.0000133514404297, 2.000014066696167, 2.000014066696167, 2.0000133514404297, 2.000011682510376, 2.000009536743164, 2.000007390975952, 2.0000052452087402, 2.0000035762786865, 2.000002384185791, 2.0000014305114746, 2.0000007152557373, 2.000000476837158, 2.000000238418579, 2.0, 2.0, 2.0, 2.0, 2.0, 2.0, 2.0, 2.0, 2.0, 2.0, 2.0, 2.0, 2.0], [2.0, 2.0, 2.0, 2.0, 2.0, 2.0, 2.0, 2.0, 2.0, 2.0, 2.0, 2.000000238418579, 2.000000238418579, 2.0000007152557373, 2.0000011920928955, 2.000002384185791, 2.000004291534424, 2.000007390975952, 2.000011682510376, 2.0000171661376953, 2.00002384185791, 2.000030755996704, 2.000037670135498, 2.0000429153442383, 2.0000457763671875, 2.0000457763671875, 2.0000429153442383, 2.000037670135498, 2.000030994415283, 2.00002384185791, 2.0000174045562744, 2.000011682510376, 2.000007390975952, 2.000004529953003, 2.000002384185791, 2.0000011920928955, 2.0000007152557373, 2.000000238418579, 2.000000238418579, 2.0, 2.0, 2.0, 2.0, 2.0, 2.0, 2.0, 2.0, 2.0, 2.0, 2.0], [2.0, 2.0, 2.0, 2.0, 2.0, 2.0, 2.0, 2.0, 2.0, 2.0, 2.000000238418579, 2.000000476837158, 2.0000009536743164, 2.000001907348633, 2.0000038146972656, 2.000007390975952, 2.0000131130218506, 2.0000221729278564, 2.000035047531128, 2.000051975250244, 2.0000720024108887, 2.000093460083008, 2.0001137256622314, 2.000129461288452, 2.000138282775879, 2.000138521194458, 2.0001299381256104, 2.0001142024993896, 2.000093936920166, 2.000072479248047, 2.0000524520874023, 2.000035524368286, 2.0000224113464355, 2.0000133514404297, 2.000007390975952, 2.0000038146972656, 2.000001907348633, 2.0000009536743164, 2.000000476837158, 2.000000238418579, 2.0, 2.0, 2.0, 2.0, 2.0, 2.0, 2.0, 2.0, 2.0, 2.0], [2.0, 2.0, 2.0, 2.0, 2.0, 2.0, 2.0, 2.0, 2.0, 2.000000238418579, 2.000000476837158, 2.0000009536743164, 2.000002384185791, 2.0000052452087402, 2.0000109672546387, 2.000020742416382, 2.000037431716919, 2.000063180923462, 2.0000996589660645, 2.0001473426818848, 2.000204086303711, 2.000264883041382, 2.0003223419189453, 2.0003674030303955, 2.000392436981201, 2.0003926753997803, 2.000368118286133, 2.000323534